7322
4112
4158
3259
4699
4430
8752
1227
367
8418
394
1691
9574
6384
5637
7791
1416
438
3356
15
3218
6586
227
2356
1950
8304
7056
6379
7121
5221
1239
4312
5293
587
4211
9771
5223
7153
8512
3208
7331
5869
9350
5061
9291
169
6496
2597
398
2376
4939
9419
1205
435
6378
6030
3090
9765
54
8536
4385
7535
5730
7386
4496
4104
9244
2208
9787
1909
8240
2364
3664
8225
4999
9586
9185
5033
7756
6015
4007
1543
6463
5591
7428
9176
9475
3178
225
1756
5154
4306
9606
4218
608
9915
5208
7453
8332
1407
