624
8092
9898
9755
1419
358
634
1939
4647
2185
8709
1865
2096
2354
9501
5163
8910
7812
2544
571
5751
4761
7526
3478
7697
6647
1140
2162
6069
8986
3901
9028
7327
6243
3560
9388
2018
7421
4717
9390
5928
5255
5209
1677
5159
8275
1714
5157
2927
4619
3492
6341
1776
2490
4393
3480
2537
8990
1287
8559
3387
4888
2371
6988
9036
333
67
1613
6551
7485
5137
9347
9824
6077
3308
8367
7733
2515
6297
2968
9073
8334
2742
6539
9098
2783
8191
7183
8874
4040
7369
163
3482
5231
316
8503
9306
478
6910
1268
814
171
9866
2521
2467
5487
816
6771
8783
1205
8918
9175
517
2994
9804
1071
8216
4427
9756
9360
7351
4247
7680
6532
5863
9154
6590
1016
5310
7098
6831
2948
7867
9130
3085
9218
9140
7697
762
8477
7383
4046
7613
5864
1938
8394
4216
4551
733
1442
5269
9166
613
3856
4639
4661
8004
7253
6956
4836
7916
1797
952
8369
9043
3727
493
5059
3111
535
2526
5153
8770
5569
3187
6124
1401
2252
2607
950
223
9257
4317
3070
2551
2711
1225
6682
8918
5293
3211
1135
5431
1603
8861
7615
1880
4413
1118
6511
5345
8084
2672
1412
3589
3043
9931
4186
5889
8267
9140
5073
8913
6563
2792
4868
6642
5008
4371
8695
7650
9677
7181
7964
8115
7319
2996
3394
5615
7272
3109
7259
566
2958
4595
9721
9330
567
122
7300
380
3930
9293
8762
4855
8069
555
4739
7897
4127
912
6336
7706
5002
8472
704
950
4295
3743
9311
3596
6853
3188
1691
3257
6375
7996
1075
1327
8993
7762
271
4222
2351
8908
5686
9509
98
4617
800
2961
5240
502
6073
7364
2423
5200
5119
5409
7301
2371
200
2436
8167
9153
6386
15
7876
4335
8792
7822
4742
3529
5134
1068
9356
1990
6394
5679
1678
7222
1455
2878
9407
5543
2295
9426
2808
3063
2012
1258
1479
7380
5539
2425
6035
9808
6965
9131
5546
6704
8876
5413
9849
1667
2662
3385
3671
8367
3705
9640
4014
390
3076
5891
8151
9976
7421
6042
2594
6467
2732
6405
7391
6102
4099
3057
892
6867
5640
1121
6811
274
3505
3158
4686
6194
8203
9594
1426
9146
2023
9030
7205
9822
9298
1972
2230
5085
4159
2974
5240
4327
3570
8661
1202
2300
2492
8862
6534
1728
8718
7
700
683
5692
3415
8954
3660
9217
9427
9282
4749
632
6684
2520
5265
8477
86
8302
2266
4433
1636
927
6168
6420
2863
7204
8204
2258
1174
4198
2314
4813
4718
7841
5821
9762
4987
8304
8852
1739
8263
3643
1674
4560
5774
6634
2131
9931
4477
8725
9299
2215
3279
7258
9257
1972
3414
1817
4296
1785
7627
5055
5605
9222
4909
4749
972
2054
7589
53
9758
2189
5226
1185
6438
1188
7248
5888
1337
6574
4636
9245
3451
5861
946
1853
6846
2822
5023
8053
7189
3126
6515
6342
8614
4688
3110
4918
4654
8396
1211
2636
9135
4461
3777
1016
9060
6310
7622
2508
6742
6346
647
3595
7271
3408
5475
5949
1227
6415
6974
3340
790
9052
5360
8478
4912
4541
9661
5007
4149
6392
7856
6986
8970
5053
7008
6260
7370
5004
4485
853
7294
1797
5731
6803
1211
4539
8309
4477
2356
6003
1125
2401
4480
5951
3400
2299
551
9521
4807
6203
7159
4350
2647
8002
6963
5377
3674
7272
3690
1945
6127
8316
1109
7633
5236
7161
8810
9289
124
7026
6702
9686
1563
2426
8360
6963
7342
930
2832
8881
9911
560
5030
6099
7318
5112
3198
3871
692
762
4921
177
3353
4503
6272
8194
4589
7041
730
5184
4507
9055
2732
171
4322
3418
5504
2844
6565
7174
9278
8673
8546
2496
9398
2313
5888
353
720
4329
17
7580
8779
5689
4471
5066
1682
5598
8163
4127
3917
3812
7448
3048
1907
7207
1598
2724
7516
1998
9715
8252
3237
9861
6828
8928
1229
4086
7065
6352
9820
6883
8342
6676
596
4083
3405
4616
31
6039
1817
3255
5160
7719
4582
9794
8197
8845
2260
4493
7218
4718
7083
647
7801
912
9848
6453
5965
7725
3557
8185
7175
9667
9414
3940
8167
9412
8288
3493
2716
7713
5284
2444
590
4862
8841
6208
7704
786
9672
9914
9220
238
5328
9596
8111
1031
5594
5265
6747
2482
808
673
8819
411
7286
8977
5273
5105
6818
2662
8635
4881
8231
8468
2405
9726
6677
3975
4912
1162
1229
7789
8327
6116
7176
446
1162
8814
8615
9193
779
9641
757
3068
1366
9679
5833
5135
8782
7997
5624
6110
5874
6507
887
9441
1535
8474
7518
3914
6335
8553
1560
8475
2431
5011
4134
3713
6702
728
2931
8945
9297
2774
9618
6605
9075
7557
148
978
3482
2572
3815
5025
1861
5507
7272
9657
7409
646
9912
4814
7163
6514
6620
168
6752
3791
8910
9434
4688
1242
4817
2284
2576
2750
4322
1080
5519
6687
5147
3134
8608
9250
5937
7588
9926
4332
7581
2382
3791
2182
1847
6102
9879
8634
4029
2071
4333
5452
7204
8732
1122
7368
3766
3776
2062
7812
6633
2657
7324
2289
1329
711
3174
4772
5355
6075
8939
2107
2234
9365
765
6878
463
8758
1287
7268
785
7214
5307
7951
9068
91
458
389
5205
7936
365
2875
2156
1517
2640
288
3418
2032
4622
148
938
8632
8520
2692
4260
8306
5502
5522
9588
5347
5168
1045
8969
9440
3230
4090
8010
2972
7324
6470
3283
8175
1905
2825
2669
5200
735
8080
6971
3631
61
5304
1200
9313
847
9706
1454
8105
2823
631
3962
3824
9685
6049
732
2752
9242
6307
5890
7891
9274
6206
9875
3747
8848
6226
7825
157
6315
1397
6920
7223
5286
8579
7299
7242
8998
6130
9581
62
8188
7104
341
8705
1370
363
5723
1188
8834
1821
2856
7490
6170
482
2714
8958
252
3720
3692
2520
4986
2050
9620
4347
4623
2920
4421
9574
8224
863
885
5093
6833
4961
5289
7771
3860
8520
509
5630
5500
2556
8608
8543
3407
6086
6219
1077
5706
496
1730
7077
2479
7308
7651
3456
3962
5998
7436
5353
8353
7974
5401
8785
6281
9630
2555
593
373
3084
2452
212
9690
20
1278
1422
5294
1278
5915
5228
2174
863
23
9113
3263
2727
954
4795
4620
6054
9530
8696
1838
1275
3934
7880
2170
795
7261
7320
2019
1546
5316
1064
3841
4953
5062
9554
4986
1117
9198
7031
9788
3112
5760
4456
1980
3094
5181
7598
2281
9109
4981
3686
9274
514
8423
7293
7574
7852
5908
2803
7954
3063
5826
2079
5284
3696
4524
9055
4695
5448
3334
3994
39
3791
1039
4277
4268
478
7327
9678
7572
832
6928
9544
5977
9246
7625
4915
8354
2982
3188
7335
2180
4151
177
1949
761
8508
2116
4698
569
8530
9818
9241
4677
3208
7097
5268
1347
258
4933
2159
6323
1642
2798
8449
2511
9859
55
6143
8225
11
3794
4615
5983
8813
5974
9158
4354
9072
4259
3350
5957
384
5004
7640
6184
7639
9970
4570
3043
743
5266
4581
7800
6487
149
8101
4385
8519
614
4293
9161
5361
96
5383
6055
2094
4117
7438
548
3490
9691
1992
9469
5190
8992
6027
597
880
2943
6554
7298
4417
3611
6227
871
4203
6632
3417
7458
5244
7993
9802
4092
2075
1171
1932
3662
5358
7057
936
9763
7622
1921
3075
6840
8695
3500
1365
2975
1560
3954
5176
9043
3587
9651
9583
1670
6138
2139
128
9942
8631
2117
7200
1295
3229
9456
7337
8570
1472
3359
7962
3730
3102
1113
9995
9335
5513
8785
4764
5212
1810
2497
889
154
2259
2959
5420
1064
4232
482
4815
2690
7467
7901
3580
7558
6539
1577
2867
2366
9705
2274
3623
2279
6415
4664
6261
6912
7053
6997
9778
14
6033
3358
2304
3244
8754
6579
6493
8224
6730
3376
2377
7961
8749
806
2129
7492
7530
3172
1053
7230
7005
3678
1042
8196
1102
3568
9364
7110
3130
5388
8460
58
2923
2559
6882
6524
6455
7953
2744
4819
8626
2891
9810
1071
7313
1411
7973
1631
2956
7747
8699
3295
9935
5320
3232
4446
2094
4774
5517
7613
6898
8649
9806
8723
8516
9190
962
1694
6100
9712
639
6245
2582
3622
2015
6744
7962
969
5563
7017
1847
604
1906
627
164
5428
8134
1224
3059
2975
979
3738
7929
305
9597
8703
1550
1337
5173
6423
6206
4146
6727
1721
3625
7797
4035
9417
2173
4092
7430
9415
6798
8561
8453
1441
9792
9925
2422
9016
8577
2845
4250
527
2405
1335
7227
5024
814
2362
4590
1738
1528
5787
2628
4949
1615
9164
8723
5413
6350
8767
9900
1532
4773
5560
2889
9754
8342
416
8613
2432
9452
8966
1207
595
7656
8800
2988
2171
5609
9519
4401
1307
5863
4032
2346
9163
6557
2639
146
9072
3585
7158
3807
9214
3568
5140
1809
5876
6891
6776
1751
6405
4616
8076
3805
8455
311
751
8694
4804
1970
6571
9251
94
1135
5621
2909
48
8021
4498
2292
2639
8985
5622
4068
127
7780
9608
7377
9154
8450
2402
2096
4923
3338
2533
2673
8721
8661
7497
6044
2575
5533
9553
9975
5848
5411
813
33
4807
3901
1033
814
9157
4730
6323
9664
4884
3139
7850
7262
6488
896
8530
5635
1301
2388
5155
3270
916
2407
8337
7394
6655
8398
9383
3201
908
8024
9549
7114
1798
8551
2344
5603
7238
1530
1712
581
7009
7651
7245
8347
59
5209
5803
598
5465
9740
4588
8641
724
4737
2764
3451
8601
1689
304
918
9550
5506
2936
187
1855
9449
3
3576
8966
5210
3442
8952
3577
9335
1397
8621
7981
849
3969
8140
1945
1461
9091
9380
3397
9894
2542
9597
3633
6707
6944
3850
4706
7332
3906
3386
5591
4183
7151
9584
7786
1473
3068
7965
3762
7939
9269
5671
4309
8331
7065
8088
8410
5139
6379
2902
7244
1451
3786
8314
5435
1774
5450
8575
5757
8835
497
9545
8738
5011
5294
1184
1285
8609
3667
4023
4398
5147
5539
525
1012
7868
5782
9808
9504
5563
1082
8152
4684
1347
3572
7543
6059
3904
5940
6443
9218
8515
998
8606
2644
9170
6933
9771
1387
143
8650
7756
754
4163
8834
4452
1072
8983
9789
9062
6750
4223
3523
1393
7978
6932
7361
5960
3012
2764
6321
1762
629
631
792
5627
7152
1337
9608
2741
8369
9087
9734
9903
3377
8736
8358
1231
844
1601
1954
4463
7289
4725
8954
2018
4280
7952
5541
2418
6859
4742
3781
3671
6507
9492
8345
7541
8891
5482
364
1203
8761
4820
9274
4291
9329
2500
2051
9555
828
5278
9688
3567
4213
2016
9058
3905
3612
1547
6323
5959
1412
2018
5764
8110
5735
7262
2893
5872
3577
1595
1507
9528
6137
6179
939
5822
3012
1285
5965
4547
6660
162
9956
1386
6550
2932
2017
577
5210
5178
3983
9051
3491
5508
2386
764
1021
2520
5881
5488
9262
5439
7730
9640
1189
2576
156
9874
2335
9510
4104
9412
5673
5840
1529
5716
2736
2453
1194
8471
7732
513
5343
1396
5403
929
9155
7396
5201
3159
9488
9321
3597
8586
8174
6200
6575
9566
194
3204
9062
363
5016
7145
9214
2045
5371
1233
2918
9383
4273
5910
9616
660
8884
5189
8753
5084
187
7867
9496
3807
7031
2767
7452
4321
4441
987
7421
562
8017
3560
4493
5480
3441
6022
7832
6300
6864
6885
1790
3278
5482
9363
4225
934
3876
9074
4489
3384
1854
244
7429
291
1522
4870
8077
4630
8024
9254
7395
6639
3884
3491
2855
7714
7767
5968
5737
6130
4265
8276
4025
7967
7449
2449
2443
1340
4019
7198
2647
2315
448
1427
7180
5800
8676
2017
3909
9423
8272
8796
1507
1675
8151
983
3801
9499
654
3290
7319
7395
909
5233
9438
5501
7906
5188
67
3402
5556
4254
2799
7593
1221
4093
6770
6913
4561
8422
6471
9663
6115
994
8019
1799
743
8888
5319
1737
3706
5480
2933
1650
7277
8962
6016
9404
5081
9521
9804
5059
1804
9271
6900
7140
5089
5685
2266
6740
