8016
8293
8325
3798
8745
1444
2869
1721
9158
608
2271
6262
6630
3631
5187
9916
8239
2290
9909
3454
9167
3779
188
8286
8014
8599
7689
135
5375
7775
8693
7191
5349
1297
1332
2983
1954
7774
6149
4057
2459
5184
1451
237
1831
5506
6262
272
9030
5884
4906
5729
9550
2057
834
9649
4625
3319
9213
9063
363
1610
2662
3117
215
3405
1825
4266
8864
6230
2481
125
5221
7925
9895
7075
6310
1657
9366
2373
3835
1183
6401
433
2388
7127
6933
306
123
1493
3987
1327
3846
2465
4549
1358
3352
9324
8306
2531
4791
4912
7149
7049
4600
4018
7736
9387
9526
5142
4582
5503
8002
1151
9213
4847
3972
1426
8010
6918
5904
9013
3327
5572
4788
6746
3192
4590
2046
3106
1019
5301
3402
8208
2253
5425
4760
3547
3089
8265
5324
1358
3707
2210
9983
7456
1987
210
3715
9100
4181
7391
1140
2204
6949
537
9018
9511
5344
9345
6011
3108
894
3685
8013
5993
3556
9945
1961
6645
3830
6547
4779
1398
7113
9858
7030
1831
1670
3404
2165
554
8250
3059
9932
1534
2602
8724
8476
4397
6468
7692
4837
9605
9617
3990
966
7969
9639
2165
7344
339
7835
3675
2840
9584
1203
1476
9579
6536
26
4962
6253
7376
6684
1077
4234
6302
4129
9862
7741
9568
4903
5601
9231
9978
6279
3853
198
7530
4618
6298
47
5657
7029
6005
6551
529
2063
3386
2371
8581
8595
471
6431
8914
9409
889
5459
4016
7902
7910
8722
1524
1260
6998
1116
6550
5029
2686
2276
5369
5057
7146
1803
8316
6247
8711
715
1437
6047
378
5072
7653
5558
4640
8208
4643
6587
915
1036
3449
4038
6086
4382
221
7560
974
5778
4573
3086
1101
721
3555
3023
8363
1865
2368
2133
5699
2440
8391
1976
2935
7063
7785
4693
1601
980
889
8814
1064
4103
8732
5852
4491
7926
3119
6991
9149
20
1236
2454
189
4452
3802
633
960
2331
135
4275
9501
5827
8837
4862
4021
7948
2743
8135
9502
5038
1575
7952
3706
8169
9837
5172
2120
2781
5005
4357
7143
2501
94
9169
9778
6926
819
9923
4029
3126
2408
8134
5403
2832
8986
292
9689
3172
6914
7565
7818
6690
4144
5011
5887
7735
449
5890
7811
7224
9453
797
2672
3611
3951
3667
1954
6342
4434
3265
310
3599
324
2913
1071
3330
8233
5888
6405
4545
8143
8269
6249
4261
6938
3149
938
7395
7755
4059
3821
3450
1585
4604
205
2105
1276
2209
7199
4782
7610
9927
9248
3768
9409
5816
3133
5950
4040
7876
9631
9400
674
7034
7153
8683
1607
9599
6735
3267
5040
8370
1053
3864
6943
902
2497
2227
121
3070
3102
5578
4193
6952
5966
1383
8947
7600
4666
9863
5577
4741
5337
1950
6253
3032
5092
4839
3340
7312
1602
313
5251
571
8661
8294
6249
1071
1391
6653
1113
2975
2034
4223
7130
3353
3139
3086
5132
3564
8810
6530
3377
4230
201
5157
8182
6076
6279
4798
8957
9043
6855
923
8313
3563
842
9367
6276
9147
3485
2619
6064
5463
7744
4785
8184
3214
7845
5043
771
9488
4113
8626
7621
5549
962
9283
817
7032
9597
9219
1870
2091
7811
1275
8469
4148
4367
6927
2964
2557
4367
2113
243
4090
4572
2579
1777
3051
2247
7673
377
5840
1538
9052
7143
9500
4345
8234
5536
6435
6699
4043
9379
7389
1561
2607
5499
8748
4105
6019
3342
6186
1239
7011
2021
3916
2873
5049
4903
4307
1965
8083
3588
7617
1314
9827
2364
7464
6144
9888
5002
6190
3685
2777
2368
4637
7676
6618
4896
7415
5772
4039
6995
5366
1418
1925
9018
1473
1532
3496
2000
8475
3820
1079
3288
8118
5093
1884
7175
7381
6285
4215
9280
8671
6318
5010
985
9903
1090
4831
5559
2695
3019
6862
938
7605
3805
3883
6087
6670
9513
5716
1422
4519
182
8808
7319
2819
7134
8522
8526
8567
5874
8085
7560
7833
2363
393
4481
342
9918
9396
7524
4098
2571
7661
4838
5002
7043
6889
1551
4934
6259
5840
518
4331
9185
6281
1272
3533
7026
9634
1060
4481
6453
572
1734
3248
6512
8035
686
3959
9797
9724
9788
8219
5584
9415
7883
5531
2544
2499
2711
3182
4783
2385
3132
1563
6128
7296
2268
2663
3316
1479
5117
9736
4073
4130
6381
4408
2432
6772
578
3782
4105
6795
1810
1767
7053
4576
3308
6762
552
2445
1362
5080
9953
7146
7588
2826
7911
8112
4649
2341
2329
7230
8844
6000
7330
6138
8993
2406
7408
5439
2499
7207
4480
3428
9707
4841
5095
4782
8079
6572
4719
6460
5748
6490
2172
415
3458
4285
1370
9645
3827
8123
4245
3067
5430
4845
7525
9143
9175
7293
7748
9432
515
5037
9788
6685
6122
6165
34
1362
1302
3716
7833
9442
9954
1144
2741
2582
3401
488
2061
9307
7693
398
716
7745
8096
4082
7364
543
5378
7538
5839
916
5127
4878
9987
9881
1140
5871
7953
9555
1318
7960
1595
2756
544
9204
4480
3809
15
2239
469
413
3371
4817
9745
3124
1148
9157
6261
7301
5206
1383
9862
2615
6371
7868
6680
5916
6876
2940
7705
9858
6115
4666
4840
5942
8880
3364
4032
8340
7878
8597
7716
9353
2338
440
5753
5593
8799
2616
4170
3757
5960
5714
4204
7956
6555
5180
2080
2794
1222
6543
4142
390
8770
9071
8388
2557
8808
5931
8618
5940
612
6976
6128
5042
197
8792
6903
4676
5453
8639
7561
3531
8747
8839
6999
2096
7155
8801
1149
9639
9047
6636
9395
8145
5269
5706
2115
5355
1900
6285
4465
6068
8539
9122
9164
5068
5512
2387
320
9832
8346
2000
2982
50
1892
7000
5785
4702
7103
4785
3908
4903
3362
215
381
3143
2896
1281
8649
3029
3471
1087
2267
265
9472
7087
2556
5067
3424
4176
9160
1738
8010
4781
867
6584
7094
5627
6518
1858
9010
782
3626
7774
1244
8709
8000
7837
57
2710
6458
6288
6165
6612
8089
8086
4824
6029
4949
