493
9297
128
1075
981
2304
7448
4259
3919
2983
4179
7837
8924
1716
2371
1931
6649
7964
5762
6470
1025
7000
9765
8581
1073
80
9597
6870
4500
7697
1612
8808
8764
4926
9076
9795
5426
6945
9931
3861
8757
8972
4635
3817
1822
4641
1734
5798
7172
7866
8726
3697
3995
8549
6674
2528
4680
8512
1965
9693
8383
7869
3289
6146
1981
9298
3849
4887
434
6256
5412
2774
8070
1661
7717
9431
3516
8656
5646
4269
2676
857
2285
6316
6666
4010
775
581
2315
1254
8785
7999
2632
133
5118
3060
1812
5473
3123
69
231
9648
8182
1307
437
3166
4452
1963
8377
5094
7329
6645
842
7628
1066
2874
5152
5482
7783
8023
5935
2470
8093
146
1986
8557
8032
8640
5124
9406
3317
3232
1671
773
3557
2312
3415
290
2173
3706
2072
6693
3411
482
1356
2585
3699
6735
770
5514
2135
9259
392
3460
8725
5433
4881
7482
8994
4698
6465
7007
4660
3356
7157
5748
7589
6880
2863
4511
9508
4886
463
2756
6950
3703
7454
1203
5594
2959
8196
1805
8601
9877
5161
3348
1516
5832
8072
6383
1896
7415
8608
2598
740
6653
5380
5952
635
8984
5922
6183
3021
2293
7041
8037
6128
233
9155
8765
8836
174
9514
4568
4083
1144
4967
3146
4951
2563
9773
7376
5846
587
7700
7097
2297
2263
8730
5598
6474
883
5812
207
4491
3785
4514
6268
7716
3676
7552
2428
2628
7248
5160
3214
3289
2665
7733
6650
5882
8398
2307
7442
3745
8778
7426
2058
4374
4479
5802
3745
6359
6535
3800
9435
5124
1208
3174
3773
6214
6275
2536
1013
6256
5770
9683
2995
4589
3003
9800
4583
8217
350
7054
1656
3788
3959
9534
5326
1489
7223
9640
1086
5780
2246
4882
6015
4170
3653
5985
7709
6699
9571
6048
1770
2730
974
8045
28
5173
5636
6451
295
5047
7141
4322
6423
187
2870
4315
1609
9676
6949
5671
9543
1575
8852
2392
4943
4482
4660
8695
8048
758
1280
9835
4064
5767
3890
2283
3564
2724
9350
9835
3164
7674
6121
5507
4658
5059
4349
9214
64
1148
2252
7133
6387
2820
3846
9963
9199
4239
2474
5852
5944
3435
221
2254
8955
154
5705
1410
2055
4638
1141
6788
1675
2660
3197
181
2045
1414
9134
6570
1524
420
144
4781
339
1933
6096
5265
5331
1959
7881
5364
4092
9486
9231
2285
2175
7337
6872
9780
9298
5528
1798
7441
3385
7674
3157
1820
3229
843
6814
2195
9788
6570
806
5035
2334
3224
390
14
5087
2268
3223
9907
7101
4420
2601
1771
2064
4390
1137
6006
8832
7797
7629
4934
5496
6175
6533
5756
2726
5123
912
3903
6315
736
7232
4043
7189
2584
3627
4581
8438
9555
1815
6877
1985
4720
7729
1228
3601
9030
793
7757
1126
4969
2046
5784
8557
2777
498
1177
6842
1588
41
2751
5333
3275
7012
5025
878
1921
8260
7947
9950
1312
7597
6134
556
5686
7769
4693
5640
4493
1317
491
4551
7145
5308
5819
3596
1914
4670
8183
2895
529
5437
2490
5069
1694
6164
1281
3308
5560
3605
8595
6537
4070
6013
2642
1920
4811
3909
970
3287
2207
3576
5862
904
3927
2108
6898
8729
2727
703
6058
7673
2830
9151
6177
9385
9999
646
719
6692
6912
8049
9938
333
7147
2539
421
420
7234
4058
9326
2548
3391
3670
8640
7420
4761
5553
9201
8264
899
7848
5654
2251
1407
3909
1003
5531
2464
4509
6175
7545
765
6557
8315
236
4385
3260
3411
8377
5919
1276
645
1057
1282
9395
2239
7111
1331
1825
1469
5868
6580
2301
5008
4297
4633
3872
7578
552
3414
9245
9829
2512
3011
7052
7539
4107
5597
3090
1168
5109
2022
7551
2212
5667
9452
4339
7477
7230
6551
3805
5050
5643
5740
5106
698
9432
3695
5063
4722
2741
6837
1675
709
8764
2471
339
478
6814
8707
7939
529
8860
924
1094
2415
4239
5345
2251
7112
8884
7259
1868
4139
903
7616
2203
8793
891
6405
2220
488
1044
9297
6665
5475
4449
1916
2678
7999
5273
4294
738
2232
3361
6692
3446
6377
4279
9909
1741
6315
4782
9154
7152
6053
1814
4644
7501
6257
3911
1296
4371
4207
5754
797
3805
403
8436
4839
3528
3322
3120
2731
2483
9738
5304
4786
4690
8807
4032
6091
9503
6337
3535
1665
9422
8763
9786
3884
8091
5463
9103
9107
4146
5596
6203
9071
6202
2058
3624
8714
9599
6308
2247
886
6202
8540
3861
6971
6592
6828
5821
1544
1028
2112
7627
8715
3641
8338
728
2827
7896
7277
3383
8210
6731
9475
4458
9929
3236
5642
6850
1179
6076
7745
1265
3307
1212
4960
4638
9874
5729
3677
1844
3024
9968
459
4167
4948
9366
8237
8708
7638
2650
1033
4484
2834
6098
2135
6717
6447
6383
6504
597
7421
5798
5460
8132
270
555
2619
4852
1163
9148
9677
9512
4055
2167
342
6726
8672
9801
6753
8466
5649
6004
5773
2889
6165
5597
6845
2711
8807
2511
2968
1173
4005
1951
3953
9698
1122
7661
1218
2013
5850
5283
6785
5596
7808
5629
85
1725
5796
8134
2529
5638
416
5083
9198
1130
6257
7437
1128
6331
1203
1321
9615
2471
9317
1548
6797
1777
972
773
4743
5580
5492
7531
6765
9926
8912
1639
5819
4959
7650
9072
4706
6644
8199
9057
5185
4028
8570
9385
348
3327
3880
7423
4591
1598
4227
2432
1740
2483
2544
6599
2944
9542
5884
391
3875
4232
6699
8856
9470
9968
6289
9419
4791
64
2537
9868
72
883
5090
4931
4959
8581
4938
2919
3726
8207
8419
1872
1153
4333
1506
4439
1279
8670
8470
956
250
5144
85
4228
1745
9253
8130
1149
3973
8494
2955
9615
921
9554
2671
544
402
2098
93
3796
6910
8525
9511
3280
8017
435
4133
4121
5082
5000
9302
2846
6724
440
370
4991
6424
7457
6971
7160
6752
4593
4465
2797
9958
4253
8884
1940
6091
8219
324
3050
340
1196
6229
5459
8191
7673
3983
7122
7603
1513
3601
6560
8117
6749
6485
5597
6007
2681
9807
5888
6363
3151
1199
2525
997
6168
8982
1074
1630
7314
3829
8701
5493
5121
6112
1742
7152
3987
2658
548
512
5093
6922
8631
5858
8747
9107
6802
2306
704
5666
6715
8410
3690
5432
7920
2857
4152
5783
2975
2111
1532
450
5698
5971
2751
2685
9893
9495
9941
5939
8901
7332
4110
8278
4359
2351
5206
3568
4962
4749
4762
3736
2587
755
7207
9793
2795
7589
5537
4317
7071
9712
1132
3119
9067
2724
8091
1758
3659
7497
6147
4133
8696
2034
6923
5399
7588
1615
1010
5280
5378
1868
6220
3430
1428
7959
8042
270
7283
6527
1478
4796
8229
1672
5000
4482
5550
779
152
7193
2389
4201
4033
3070
3569
6112
4173
2771
8657
9095
738
4902
6789
5907
7273
2927
300
7532
824
2531
8026
3962
5259
7638
4182
1849
4451
2413
7422
2715
8410
8497
9591
9084
834
3904
2244
7969
3898
861
210
7738
5388
5896
9919
6022
6310
3304
9285
8838
9715
5268
6870
3114
1477
9665
9957
7719
2977
1542
5615
698
7366
6939
5908
6614
5915
7344
6982
3625
309
9194
3069
413
6067
5592
7988
6490
838
9251
2595
1096
6511
3332
2570
2434
1703
3968
5863
7319
1989
1902
5973
5370
7568
922
97
7386
4961
9266
5833
555
3619
4141
6308
8723
3658
8651
456
7153
1181
3622
8588
1351
9154
5064
2762
3384
4805
4728
8016
6204
2628
7244
5748
609
8570
1506
1714
6492
1158
9801
787
6493
7191
5962
2811
1681
7223
2964
8735
6992
7152
8565
7810
4230
2607
356
2731
8543
1860
7467
9716
3419
1683
9523
6881
4066
122
2727
2746
9185
7647
3130
663
7842
7494
4341
4568
5370
5660
2665
2302
1819
9267
4946
5497
4378
3114
8444
6191
123
5719
5199
9830
1128
8036
6694
6686
2881
5284
3006
7310
7421
5200
4138
2601
2926
6915
3987
4253
7059
7166
2636
552
3207
6456
8499
215
4326
4694
899
7340
7184
7059
9063
6619
9606
7004
9402
865
5058
1771
3114
7458
5459
8589
2250
4653
8501
9378
5078
3038
4767
3841
4594
3169
6134
213
9659
5181
6927
4425
7055
8693
5954
4955
7560
5862
3194
9663
2851
5805
1416
2531
2527
825
1751
9818
5793
1560
5691
8696
9317
3617
6819
7609
9262
8941
8813
638
7294
1154
1336
8197
9218
8301
4133
5827
6757
6188
1607
3713
2037
4838
7929
9137
9634
7096
8127
5579
2578
7980
5540
6200
7985
6871
7666
7770
2006
7680
9345
1622
2609
232
5318
6207
7617
8171
8557
2448
8018
593
7618
2982
4051
7568
9320
6040
2085
4418
3500
5220
8304
3023
1284
2055
8448
6471
1937
2568
8076
6942
3604
4417
4231
5684
8525
8923
4191
4880
1182
7542
7779
5032
8334
4818
8210
3152
5065
3308
5598
8284
5701
1048
2960
2356
1055
5720
7125
4275
292
5910
9557
908
3740
212
7940
938
6560
8061
1522
8577
1260
5687
7421
1574
1903
7064
7846
7464
176
9282
2897
2250
4171
1981
7862
543
7433
8335
5492
9200
542
7418
9221
2300
9659
2034
7581
5533
4131
1945
6140
6067
9483
3465
8019
2143
5115
7390
2755
3406
2033
3342
160
3824
6325
4933
4213
5684
950
6145
5266
1490
3539
8311
544
5524
4646
1200
8852
9170
2763
8451
4274
9560
5487
4256
8841
2231
4532
4086
6700
1445
7536
8850
4561
6657
1124
4022
7842
503
5978
3009
2961
1260
6088
9808
4761
9191
7746
257
2399
9324
5708
447
1848
2102
4748
2223
3299
2625
5950
3814
1239
7761
6177
1493
6599
4386
4431
7634
1810
7629
5978
1252
9176
1507
1201
2906
309
809
3922
7769
8962
8592
5529
4481
5153
7968
471
1770
662
33
7262
7040
2710
8166
8968
616
3399
7942
5224
6014
598
5912
2072
9837
7112
4698
8337
9594
4840
7214
7209
541
9231
2898
6311
9948
1314
2315
4178
2662
8741
9501
7751
5961
9198
9624
585
6785
1524
3699
2771
238
4069
5278
985
3584
7719
3575
861
8274
3270
6219
1773
4032
6588
4966
5705
7990
1183
8505
2930
1430
2341
2887
8350
3765
6066
9308
2776
9635
5218
490
3733
1830
4754
162
4417
4178
5960
8363
2536
631
6515
2242
5008
6566
9260
3119
1604
2625
9196
4815
7131
5743
4568
7379
7127
24
8760
5845
2746
8419
2277
7474
6433
2826
8560
1352
3317
1398
6271
6445
3127
4461
5442
4921
312
8084
2532
7234
539
2562
381
578
5906
6948
5668
71
2212
2838
7010
1750
3873
8132
9122
3565
9788
6478
2468
9940
6295
7089
8336
8303
6685
6184
5384
6291
4728
926
9431
9074
1523
1598
8789
3461
1177
6393
3772
7029
4556
8867
1589
9813
338
7515
3372
8656
8458
165
9282
5339
9292
8278
8400
3350
7055
2027
9641
948
4372
5975
4297
596
9855
1447
3082
8076
7557
7219
6005
5857
6225
5779
4357
5254
5969
9931
2103
1006
4414
1781
9373
8927
5737
458
1842
1909
5248
8892
1657
6544
1087
9075
2942
2300
3668
7890
8942
4779
2699
4517
6914
6273
8536
6921
9093
8187
8883
6936
4775
2636
8380
6432
8539
1766
2544
6367
9403
4370
3909
238
5243
5500
5119
4694
6635
2125
2197
35
1477
1686
6285
20
1719
4167
3972
3003
1035
1865
5626
3911
3729
1966
5930
5676
2846
2531
5671
4812
7373
8382
6481
8948
2660
3402
775
549
4434
9804
7735
2078
3509
4050
5713
4211
664
983
6985
5179
7193
1221
2187
4731
2056
1623
8857
843
7835
7626
1504
2402
6158
8640
4409
4276
8856
2272
2699
676
7594
125
8365
7366
1008
6849
9593
7558
9945
2118
3053
2319
788
834
2619
6617
8096
6204
9327
1474
6470
4351
6865
9799
9842
3754
7024
4000
3563
2273
7839
150
2308
7876
1676
4833
5499
3113
4299
114
911
6856
2273
8857
1999
8612
4524
2260
5550
5329
8608
2437
8738
9766
1324
1823
2491
1249
3371
3373
6849
2881
7079
6495
9942
1700
1144
5026
3482
5197
7385
4698
4205
9217
5564
6702
6480
4431
2164
1184
6565
170
5615
8040
7300
1796
5303
8413
8991
472
7406
95
6173
6148
9047
4627
3843
4225
6068
9452
2001
5569
2297
2099
296
1284
6335
4210
6409
2599
7365
7570
4089
9866
7345
2943
6544
4139
6836
3925
849
9156
668
794
9604
5774
6163
2952
9039
8401
660
6820
2995
5145
4414
2688
3875
8262
5841
5561
6735
5632
7109
830
4366
4117
2073
9118
2282
8017
9657
9292
181
6953
3866
3410
4186
4628
5695
287
8526
918
9389
3407
3798
58
1211
8981
5842
5195
5635
1671
3014
7391
5270
8998
1529
257
9596
2441
7558
1369
9001
501
5840
8026
5803
1083
5875
776
2111
3950
3381
4676
531
5855
3708
7046
934
1095
4441
7174
1948
7040
8897
9286
1982
5952
6925
8256
8958
739
9095
5703
1432
5477
2437
748
8515
1129
4754
6560
4439
9608
9463
6449
569
3513
5769
1747
2674
5849
4796
2156
4462
3544
758
6795
7151
4016
4062
7510
5922
3234
1746
527
6041
1871
440
6323
4343
3631
7101
9823
7627
4050
9705
3583
5860
5089
3811
5604
4147
7824
1504
2672
653
4754
4663
3505
7007
393
8288
9801
6988
6024
3451
3542
6962
9479
8350
9106
155
4179
5558
6297
4447
4319
8525
1442
6087
9307
9148
5677
5340
5951
7608
2039
3598
1668
4137
7357
3041
9119
4920
250
7745
4507
86
1118
9958
1938
5001
8558
674
5399
7105
2386
5864
5171
6297
9760
6743
9883
666
4962
5267
2874
2985
3925
7093
2736
7568
9009
6680
6711
217
8240
2228
8061
5415
5485
3033
5619
3951
5723
9905
8049
3604
8159
5592
7491
529
2555
7991
980
9278
71
7419
1734
5589
4654
2613
4235
6271
9570
8122
6980
7160
1725
9451
8963
9041
3142
3007
8750
8932
3916
6251
3603
7425
5330
4068
8674
1687
9671
9852
8620
9295
4833
7384
1126
1170
9813
1570
6826
3275
1397
8314
6026
9607
566
5399
3697
5817
5389
2460
6920
5850
5830
8437
7346
5070
4513
4720
4789
9265
9993
8233
7286
5104
3266
3630
3023
3956
9823
8593
5279
3576
5549
4028
8974
3836
4207
446
5659
1491
5494
8867
1381
5991
9437
7827
5666
589
6511
7073
3887
8018
9109
9171
597
1108
2816
4225
3332
7693
6287
3750
7791
9706
9614
676
9715
5883
8363
7636
2021
9811
4454
2474
6567
6574
2068
5191
2087
8626
2064
6489
1093
3502
1359
1213
5294
6048
6142
8485
4474
6723
4602
3908
2366
1477
6652
7397
4158
1670
8767
28
2115
3980
1503
5412
4069
4276
9648
6584
7381
915
6456
5469
5658
3322
3498
9532
9414
3400
7760
9022
4371
4697
8164
2224
5360
6444
9099
9765
7426
4707
4863
6219
8089
8755
2279
3077
2976
7179
7749
3784
9488
2514
4459
2402
9922
1193
2875
2772
9183
6031
1818
7904
4630
4275
2480
1229
6152
3732
8383
6647
4564
9397
5966
1268
8026
6764
7265
4993
3166
505
3334
1835
1036
9620
5550
9162
7410
367
2630
9048
4574
3419
5793
4159
2420
694
6420
2288
4108
6689
317
8335
3303
4496
9265
8508
7692
9243
3297
4413
9427
770
8200
342
316
8877
403
7115
125
3649
4110
1724
2759
7582
727
7967
1556
1029
5121
7708
7071
7143
7144
9649
4111
553
4747
6758
2849
3700
6299
9979
5809
9128
1342
4685
1750
6497
6720
9127
3223
1697
4552
8117
3870
1581
8210
7268
9975
852
6398
5574
260
6602
7252
4433
2177
1011
209
7607
9391
5866
5187
2480
15
9633
3966
1683
1564
3475
9032
4708
7941
8869
3735
7031
9126
9564
4021
9170
4659
7528
9741
1825
4944
7293
9653
6787
7616
6354
2247
4322
1336
2354
654
4736
8686
2080
8825
3548
2019
7784
1615
6436
3659
3825
2256
1925
6805
1006
2036
1886
9307
9140
4226
7762
4808
5557
591
2747
1264
2042
977
2716
6513
9360
8894
95
2052
4234
5862
5342
3680
1844
4314
1405
107
247
7015
9395
5038
4872
5875
5242
7556
2636
7267
4796
7502
6022
582
2349
6934
3952
6274
4584
1998
5720
9145
3122
3941
5121
1223
4234
4341
5083
9707
4898
2364
4221
9264
6679
4340
9727
2438
2539
9905
5972
4962
980
8487
8132
9807
4030
5478
3015
8431
7563
9123
9309
6162
4427
196
2171
1761
8758
2359
2721
6840
5430
7743
8070
2446
2018
6029
932
8722
8277
1719
2049
6003
7486
4519
6162
9340
8464
4499
6548
4235
5801
5412
5909
6637
7695
709
7660
8328
4454
8522
5993
6291
6495
2778
1799
5430
6635
1307
7582
2410
877
2105
4885
4476
6045
7666
2533
7219
5560
1761
6073
6395
3397
3380
3298
1374
8018
669
8054
8063
4781
4898
6840
2754
8848
3041
6403
3771
8611
1651
4623
1969
6677
1163
9479
6207
8101
860
9073
343
7370
9524
8060
8387
5011
9913
9576
8698
7145
2847
9023
1147
7616
8835
3906
8824
2204
1158
8430
2594
8513
6217
9309
3357
818
5410
3768
368
3035
201
1706
7436
7802
1761
6688
1830
6536
4390
5901
2675
5318
2623
4282
3711
6194
8272
5834
3722
2889
9568
3708
9391
7734
9729
954
2577
4809
5217
9822
8277
1875
6092
3908
1623
1773
540
474
7402
1992
6318
4259
8111
9215
4050
3756
6032
1864
3151
470
1338
3722
512
6786
9381
8585
4559
5962
6610
972
2189
5244
7440
9952
8555
3586
4058
3989
7047
7276
8272
486
2791
3312
1169
3766
4187
3687
8898
2230
8258
4744
5917
9731
7132
6962
2553
8988
8823
4403
1138
1825
6793
7574
9157
7878
6648
6969
6107
1639
2601
7628
4383
4935
3555
3861
1357
6305
9295
7009
1480
8399
159
9909
8008
1640
6392
7203
559
675
6781
1719
4887
6202
5929
1489
7722
5931
6664
7677
8236
5896
9011
1038
2889
8014
7671
1449
7383
7554
7537
7549
7383
1271
280
9905
1694
1533
262
5046
7994
