7504
6637
6594
8019
6999
9451
3779
4279
9784
3458
6160
8000
2017
9712
7031
1701
3254
5532
4393
5326
8291
8916
6397
3124
9085
4773
6480
2071
8087
86
8810
2795
9777
5682
9181
8096
9994
5344
6711
7709
8662
112
118
2953
8586
8532
7931
5637
9428
2185
5479
4137
5400
5265
722
7146
501
575
106
2820
535
3182
312
7258
1493
4813
4383
5255
9402
203
542
5984
7137
5739
4677
9992
745
5284
5812
4255
7928
4488
7662
6696
6540
6975
1580
2614
9997
7375
958
2162
2286
4090
1581
9803
6306
4468
3660
2427
8475
8608
9181
754
7917
7222
9248
8258
1905
3123
1765
8870
2918
829
4115
6943
3138
592
9793
5868
8951
6794
657
4997
7584
8224
4621
196
8026
7227
697
7649
752
3923
504
4793
78
934
5243
1498
375
3012
516
2941
1682
6042
1657
6689
5759
7706
6547
496
7768
1251
774
3104
6674
434
7371
9304
6643
6213
8121
6188
2253
1895
2819
4760
1480
9470
1066
3493
558
5037
4099
267
1328
741
2132
9507
9430
4767
4103
1590
2052
271
1153
2664
8872
8358
5964
1003
8463
8038
2641
7938
3639
7506
2817
579
639
7506
4754
6839
395
240
4375
2465
9588
4338
8520
9848
8092
3300
9153
4819
7519
465
7606
6304
3605
1918
7540
9009
1140
2371
3123
2836
1458
9591
488
7022
3656
6839
3942
9875
2530
4002
2676
5140
4114
5476
8554
2053
805
1757
5813
8618
2509
5613
2442
9358
7038
5023
167
3983
116
4975
2373
1689
2065
8841
1178
3661
6005
3376
4299
2510
1718
8999
3566
9561
9647
9807
4829
1070
8836
6814
198
3903
7347
2312
4368
9827
4902
6125
5209
3672
6309
6559
3866
9475
7337
4398
9084
9861
6683
5889
819
1004
6779
1331
3976
4898
8141
5992
1605
1174
6397
4427
9354
8662
8595
2069
9468
8918
4434
9212
8557
1567
9802
8742
7591
2167
4941
3816
6945
6248
8159
7791
7588
9888
9862
3786
4696
4229
4065
9986
2567
1811
373
8696
7987
1955
5698
8841
5075
7033
8181
4480
8776
2250
183
3000
4366
4408
7570
2572
2703
1228
4083
9726
401
2847
2827
3904
3456
8261
6303
7682
4326
3318
7344
6584
7798
5498
3333
5031
1192
465
2196
509
3294
6060
5599
5098
3045
5979
2267
6942
4120
7620
8220
8704
1375
3437
5533
3769
500
7414
6043
4763
1958
7078
5137
9761
9206
7360
6142
5508
5631
9777
6098
3158
6099
6937
2232
6831
1600
4660
3309
9122
7665
1636
7615
8188
8433
3821
2192
5544
4810
1628
3290
4913
5563
6357
8844
405
2841
7832
1075
1971
5884
3470
356
7985
7946
1350
6821
7036
3793
7879
3163
4780
766
4689
3326
6467
3003
6180
8681
6851
5508
6764
8286
1721
9802
7112
2310
5898
8961
2822
3862
6280
9172
5228
4493
8432
3480
5797
6090
2612
7038
3463
6314
5680
3858
237
7039
6939
2593
6598
2508
7420
2983
7656
4268
1638
1878
7602
